28590
28587
28588
28591
28589
28586
28585
28583
28584
28582
28580
28581
47050
42736
47046
47049
47048
28578
28579
38961
28575
28571
28572
28577
28573
28576
41458
41500
41501
41502
41503
28570
28565
28558
28564
28563
28562
32765
28566
28567
28568
29688
28569
32766
28557
28556
38962
28555
38960
28554
39639
28553
28552
38070
28551
45061
39637
39638
28549
28550
33741
28546
24266
28545
39636
33733
28543
28544
17632
33740
17638
17636
17634
17637
17635
33738
33732
22732
25146
17580
17577
17574
17575
17576
17578
24368
17573
24367
17572
17571
17570
17557
24366
24365
17556
17559
17187
17566
17561
17560
17565
17563
17562
17564
17555
17554
17553
17552
3175
11477
11478
26277
11476
17551
11472
11473
11468
11467
11466
11461
11465
11464
15833
11460
11459
11479
11480
11458
22808
4942
11457
11452
11456
11453
11448
11451
12609
3454
3453
11450
21923
7259
7258
11449
3451
3450
6618
7257
3449
3448
3452
7181
3188
6624
7845
2333
7256
3177
7837
3176
3173
3174
3447
3172
7255
7841
8240
7179
3171
7836
6617
2335
2337
4508
3230
2334
2332
2331
3170
2329
7183
2330
6619
2336
11447
17579
