36389
34542
36258
34537
36261
36391
34534
36257
41134
41135
34548
34546
36262
36256
38477
38479
38478
34540
36259
34544
36390
36392
40034
40036
40035
40033
36263
41132
41133
34530
36260
38473
38476
38475
32657
29729
29649
29645
29648
46141
46144
46142
46140
29669
29672
29671
29699
29613
29698
29694
29697
29658
29621
29692
29695
29617
29622
43846
29700
29664
29630
29693
29668
29642
29643
42662
29696
29662
29663
29610
29619
29620
29657
29616
29628
29629
29608
29611
29615
34533
34545
34983
34535
29614
34538
34543
34529
34541
34547
32656
29656
34608
32285
29606
29728
29603
29605
29571
42688
29568
29569
36137
36129
36136
36135
36133
36134
36130
36131
29566
29550
32284
29556
29565
29553
29558
29548
29549
29552
29557
29547
21161
16991
16990
16994
23638
27589
23639
23652
24136
24138
24137
24399
20897
23637
23636
20876
20890
24914
24912
24913
24139
24140
24141
23650
34982
16745
16742
16744
20873
16992
23633
16988
16995
27585
23629
16728
28244
28242
28243
16663
16730
16746
28463
28461
28462
27586
27588
16729
16993
23653
27590
27830
16725
16731
16665
16726
16732
16664
27832
16741
27587
16662
27829
16724
29551
29545
22757
32655
29654
34607
20874
20872
16657
16658
16659
16661
16985
16984
16660
16655
23632
23628
16656
16983
15296
16667
16654
16978
16973
16971
15295
16652
16653
16970
16969
15294
16651
20201
19669
15293
16649
16648
16650
15292
16647
16646
10015
36122
36125
36128
36126
16645
36124
10013
16644
10011
16642
16643
16639
16641
16640
10007
10009
9979
9980
9974
9970
10005
9972
10003
9968
9966
9964
10001
9959
9961
9957
9997
9952
9954
9995
9950
9945
9937
9939
9935
9993
9933
9931
11643
9928
9926
3497
3515
11454
3500
9916
34981
14380
19668
9920
9918
9921
3511
21913
3503
15973
7224
9820
7223
3498
3513
9818
15972
3508
3496
9814
3505
3493
3495
3507
3502
3501
7222
9813
9811
3504
3492
3506
12259
3494
3336
7221
14379
19667
8768
3334
3297
2675
6518
9987
3333
9986
3296
3331
2673
9985
3295
3330
3337
2674
3117
2742
2672
2741
2740
6517
3328
2670
2668
3491
8367
34979
7818
19666
3292
7817
2664
2667
3326
2666
3294
7408
2665
3116
3325
3324
3323
3293
2661
3321
43549
9983
8880
2739
3320
2738
3319
2737
2662
2663
12260
2660
3115
16965
16986
16987
16967
8366
8368
9942
2671
16980
16960
