42302
42305
33296
38868
38867
42296
33295
33287
33289
33288
43707
43765
45022
33293
33294
33286
33292
33285
43772
25659
33290
43761
33279
36210
33291
33284
43758
24801
18247
18245
18246
22761
46684
46688
18243
18244
18240
18242
18239
18241
15933
15915
18238
22480
20626
15906
15910
21175
4094
15863
7213
15856
15861
20916
15865
15855
25954
3400
7828
13028
3399
24418
3376
3398
6500
15853
3373
3397
3377
6419
2548
7755
6418
2549
2547
45695
6501
6417
3372
2545
8238
3370
2546
25704
2544
2543
3371
28267
9513
33278
6499
2541
6415
2542
7754
7753
7827
6416
8607
21144
6414
2795
6413
6412
2539
43779
7751
15935
21143
8604
33276
33277
7752
37836
2538
2540
818
