27927
42974
27984
27982
27981
47051
32667
45765
27954
27926
27977
34008
34007
27917
46594
33997
33994
27924
27920
27947
28004
28003
27971
27914
34005
34006
33999
34010
27975
27972
32665
28028
42620
46578
27960
33992
27951
33995
27946
27968
27967
28019
27913
42615
28022
27962
44383
27911
27958
34003
27945
34009
28027
27950
27906
33990
27905
27957
34004
27961
33996
27944
28016
27948
27899
34001
33993
20036
20035
34002
23802
20011
20025
33991
25086
25081
25082
25083
25084
25078
25074
25079
25073
25080
25072
20034
22750
20032
23804
23803
22749
20031
32664
25130
25129
42613
20030
20023
20010
20013
20033
27837
23801
20028
23800
23799
20051
20015
20029
20016
20024
20026
25128
20009
20012
20014
20017
13898
15596
20020
20008
13948
13947
25127
17181
17180
13945
13941
13943
13937
13939
13935
13931
13933
13917
13905
13915
13890
13882
13868
13887
13846
13858
13836
13841
13822
13815
13817
13746
13794
13695
13700
13698
13702
25126
13689
13693
13687
21931
13663
13661
13659
13657
13653
13655
14810
13644
13646
13648
13642
13637
13640
13635
13631
14809
13622
13626
13628
25125
13529
13607
13620
13617
13612
13536
13538
13503
13522
13501
13485
7867
7863
7861
7859
7857
13421
13464
13380
13419
13378
7793
7745
7795
7786
7788
7779
7782
7776
7428
7771
14807
7418
7766
7748
7457
7454
25124
7426
7443
7420
14293
7421
28021
