46112
46110
46113
30315
30334
41307
30565
30566
30575
30574
30314
30325
30332
30556
41315
41316
41314
46108
46107
41311
46111
46115
46114
40274
46109
46116
46106
44157
44391
46697
44155
41321
41320
41312
41317
41319
41318
30313
30563
30349
30570
30318
30547
36954
36955
30552
30569
30316
30309
30307
30308
30317
30560
30329
39973
43676
30347
30344
32814
30341
39971
30551
30311
30337
30568
30348
30558
30306
30312
30346
30548
19831
19830
22793
24356
24357
22795
30310
22704
19833
22797
23082
30303
30304
30305
23081
19825
19819
19799
19815
19800
23486
23489
19796
26443
19814
19795
23079
23080
39895
26426
26427
26428
28327
19794
23078
19793
23096
23077
19790
19792
19791
23071
23129
26011
12624
19567
23070
23507
19788
12758
12622
12621
12759
12908
12620
12907
12619
12754
12617
12906
12618
12755
26442
12905
8895
12616
12615
26423
26424
26425
12716
12607
12614
12903
12599
12603
12597
12897
12902
12596
12594
12899
12718
12717
12595
12760
12715
12895
15633
15628
13240
3971
3969
3972
15255
12591
23069
3968
12589
3967
21940
3966
3965
8243
3979
12587
3963
12590
3962
26420
26421
26422
12585
12586
3961
3960
9273
3959
3958
3957
3955
3956
12584
23067
23068
23066
9271
3954
3953
3952
3950
6458
3949
9269
3944
3942
26416
26417
26418
3947
3945
3946
3939
3940
3941
3978
3936
3938
3937
3934
3933
8339
8334
3973
3932
3928
3931
3929
3930
3926
3977
3924
3925
7430
3923
3922
3920
3919
3918
30343
30549
12719
12904
30573
12720
12722
30561
12900
30342
