38503
38504
39729
39705
39712
39719
39741
39706
39739
46777
46775
46776
46779
46778
39714
47053
39722
39736
39731
39725
39730
39733
39742
39735
39717
39724
39734
48789
47056
39740
47055
39721
39732
39711
39728
39720
39715
39727
39716
47054
39718
39713
39710
39723
39737
39738
31078
31077
46601
46597
31080
31079
31081
31083
31082
46126
46124
46127
46122
46125
46123
31057
31061
32867
32869
31076
44794
41418
32871
31072
32874
32870
32872
32866
39961
32873
32868
39963
31070
31071
31056
31062
31065
31063
31066
31064
37855
42592
42589
42558
42593
42590
42588
42591
31060
31054
31055
31068
31067
31053
39463
31084
31089
31096
47280
31112
31085
31110
31091
46405
31099
31109
31104
39452
39462
31106
31113
31108
31094
31101
31107
41429
46403
31111
46404
46803
31098
31105
31088
31103
31097
31092
31102
31149
43493
31095
31090
31087
31100
39470
39471
31058
40514
31052
31051
41415
26920
41414
39455
28924
28907
39451
39458
28957
28915
28948
34069
28936
39466
39467
38068
41420
31050
26918
28918
28914
28906
28933
28955
28947
31049
26916
31048
26915
28905
34590
28944
28917
28912
28927
28953
26912
26914
28938
28925
28910
28916
28950
28903
34961
26911
26909
26910
34960
26907
26908
26906
26903
36526
26900
26902
26896
26897
26887
26885
26882
26883
36525
26881
26878
26880
32809
26876
26875
26874
26873
26872
34959
25622
25621
34955
32808
25620
25619
25618
25617
25320
25615
25613
25612
25323
25321
25610
25339
25498
32807
36524
25318
25305
38175
25317
36523
25287
37818
25284
25280
25490
26927
25278
32801
25283
26928
25493
26925
32259
32178
32179
25255
26926
32810
25614
