98560
90452
90853
90983
90429
90968
88930
88910
88929
91214
90411
86866
91761
90412
90421
91790
91762
90860
91775
91779
86864
90553
90610
89891
89696
90521
89893
90611
92137
90458
90504
90432
90975
90581
90493
93440
89890
91785
91209
98533
91014
89711
90617
88907
90831
90734
93444
90974
91012
89693
90619
90423
90413
90728
89896
91191
90453
98556
90843
89009
90464
91132
91188
89012
90433
90988
90419
89701
90451
90614
88908
90720
90518
89717
93441
90997
90410
92145
86857
91793
90987
91089
98582
91215
90616
92168
90730
89014
92148
91225
90509
90732
91170
90864
90612
92163
90506
91008
93442
89894
91219
88181
91766
91197
91792
90833
90519
90420
91780
91133
91223
92139
91227
88180
90861
93443
90609
91226
90984
91084
90832
90622
91782
90558
89895
91757
91769
90618
91211
98588
98569
91221
90415
91773
88909
91224
86865
88262
90608
50864
50864
50864
