88019
88036
88044
88013
88011
88003
88004
88005
88034
88014
88016
88020
88025
88031
88039
88042
96133
88018
88021
88033
88046
88012
88024
88028
88030
88035
88037
88047
57423
88022
88045
88017
88006
58527
58528
88015
57441
57438
57435
57439
57442
45568
57436
45570
45555
45559
45567
57434
57437
57440
45557
45571
57433
45556
57443
45558
64358
62350
45554
53056
42302
42305
33296
45569
58065
45563
45549
45566
45565
45553
45552
45550
45564
45551
45561
45562
45560
58523
58525
58521
58512
57421
38868
38867
33295
33287
33289
33288
43707
43765
45022
33293
33294
42296
33286
33292
43772
25659
33290
43761
33279
36210
33291
33284
43758
24801
62045
66037
18247
18245
18246
22761
46684
46688
18243
18244
64054
18240
18242
18239
18241
15933
15915
18238
22480
20626
62051
66034
15906
15910
21175
4094
15863
7213
15856
15861
20916
15865
15855
25954
3400
7828
13028
62049
66035
3399
24418
3376
3398
6500
15853
3373
3397
3377
6419
2548
62044
66036
7755
6418
2549
2547
45695
6501
6417
3372
2545
8238
3370
2546
25704
2544
2543
3371
28267
9513
33278
6499
2541
6415
2542
7754
7753
7827
6416
8607
93741
21144
6414
2795
6413
6412
2539
62050
66038
43779
7751
15935
21143
8604
33276
33277
7752
65454
37836
2538
2540
