74252
74253
74248
74256
74251
74250
74247
74255
74254
74246
74242
74244
93841
93843
96264
96261
96262
104698
92370
74238
74239
74240
74237
74236
74234
74235
74232
74231
74229
74230
74226
74225
74220
74223
74213
74214
74216
74218
74217
74215
95471
74212
74211
74202
74207
74201
74200
74199
74198
62256
74197
74195
62948
64441
64579
69412
60763
47901
60767
60692
44631
47899
59619
59621
59625
74193
74192
44591
44625
60714
60707
60691
44595
44575
47898
47672
44621
74189
74191
74132
47900
60668
44524
44576
60619
44593
44509
60663
44489
44589
44598
44529
44588
44508
44488
44633
44510
44584
44484
44596
44556
44483
44494
44590
44616
47766
44645
44636
59636
44635
44492
44500
44513
60653
44629
44582
44630
60623
62959
44528
60621
27981
60606
44555
71692
47051
27927
42974
27984
27982
44506
32667
45765
44623
27954
27926
27917
46594
60616
44592
27977
34008
34007
33997
33994
27924
27920
27947
28004
28003
27971
27914
34005
34006
33999
34010
27975
27972
32665
28028
27958
60609
42620
46578
27960
33992
27951
33995
27946
27968
27967
28019
27913
42615
28022
27962
44383
27911
34003
27945
34009
28027
27950
27906
33990
27905
27957
34004
27961
33996
27944
28016
27948
27899
34001
33993
20036
20035
23802
34002
20011
20025
33991
25086
25081
25082
25083
25084
25078
25074
25079
25073
25080
25072
20034
22750
20032
23804
23803
22749
20031
32664
25130
25129
42613
20030
20023
20010
20013
20033
27837
23801
20028
23800
23799
20051
20015
20029
20016
20024
20026
25128
20009
20012
20014
20017
13898
15596
20020
20008
13948
13947
25127
17181
17180
13945
13941
13943
13937
13939
13935
13931
13933
13917
13905
13915
63746
13890
13882
13868
13887
13846
13858
13836
13841
13822
13815
13817
13746
13794
13695
13700
13698
13702
25126
13689
13693
13687
21931
13663
13661
13659
13657
13653
13655
14810
13644
13646
13648
13642
13637
13640
13635
13631
14809
13622
13626
13628
25125
13529
13607
13620
13617
13612
13536
13538
13503
13522
13501
13485
7867
7863
7861
7859
7857
13421
13464
13380
13419
13378
7793
7745
7795
7786
7788
7779
7782
7776
7771
14807
7766
7748
7457
7454
25124
7426
7443
7420
14293
7428
7418
7421
28021
44612
62257
