84431
81716
81720
81715
81722
81724
81714
81725
100687
84432
100587
84428
84430
84429
95707
95705
84417
84420
84421
84418
84413
84416
84412
84415
84411
84409
68067
60866
60867
84408
84410
56479
60874
94748
84406
56487
56574
56486
56481
56480
56483
95703
67920
56462
56478
84403
56469
56473
56472
56470
56514
82207
84425
84427
84424
82177
82200
82175
82180
82201
56467
56466
61482
62271
61481
61483
56484
56465
56477
55252
67326
56476
67839
30349
56468
55016
54353
54998
54999
63770
61471
56471
54736
55002
54793
46112
46110
46113
46108
46107
46109
46116
46106
46115
46114
46111
30315
30334
56463
44157
56461
56459
56464
41307
30565
30566
30575
30574
30314
44391
30325
30332
30556
46697
56460
41315
41316
41314
41321
41311
41317
41319
41318
40274
41312
41320
53281
30313
30563
56349
30570
30318
30547
36954
36955
30552
30569
30316
30309
30307
30308
30317
30560
30329
39973
30344
32814
30341
39971
43676
30551
30311
30337
30568
30348
30558
30306
30312
30548
44155
19831
19830
22793
24356
24357
22795
30310
22704
19833
22797
23082
30303
30304
30305
23081
19825
19819
19799
19815
23486
23489
26443
19796
19814
19795
23079
23080
39895
26426
26427
26428
28327
19794
23078
19793
23096
23077
19790
19792
19791
23071
23129
26011
63750
12624
19567
23070
23507
19788
12758
12622
12759
12908
12620
12907
12619
12754
12617
12906
12618
12755
26442
8895
12616
12615
26423
26424
26425
12607
12614
12903
12897
12599
12603
12905
12597
12902
12594
12899
12718
12717
12716
12595
12760
12715
15633
15628
12895
13240
3971
3969
3972
15255
12591
23069
3968
12589
3967
21940
3966
3965
8243
3979
12587
3963
12590
3962
26420
26421
26422
12585
12586
3961
3960
9273
3959
3958
3957
3955
3956
12584
23067
23068
23066
9271
3954
3953
3952
3950
6458
3949
9269
3944
3942
26416
26417
26418
3945
3946
3939
3940
3941
3978
3936
3937
3938
3934
3933
8334
8339
3973
3932
3928
3931
3929
3977
3925
7430
3923
3922
3919
3918
30343
30549
12904
30573
12722
30561
12900
30342
