86615
86650
86653
86652
86643
86642
86641
99547
99548
99549
86649
89244
86654
85785
86646
86403
86402
86401
86375
86645
86647
86648
86644
86616
86640
86005
92027
89370
89815
89369
89367
89372
89371
86609
89373
89368
69385
64276
64256
64277
64268
64295
64294
64271
64303
64297
64274
64317
64280
64283
64305
64273
64315
64288
64281
64278
64291
64316
64254
64300
64298
64257
64304
64285
64248
64253
64318
64314
64282
64246
64289
64251
64307
64249
64286
64311
64308
64252
64296
64275
64250
64302
64309
64313
64247
64279
64287
64310
64284
64270
86004
58483
58491
50604
50611
59504
59498
59497
50620
61117
61118
61119
61120
56987
98398
101057
94711
61177
57112
57207
57260
56999
57115
57232
57233
57211
57181
56998
56988
57258
57116
59560
57117
57214
57261
57155
56989
57250
57263
57264
57237
56975
57019
56977
61677
57247
57028
57243
57208
57126
59559
57267
56946
57268
56947
57159
56983
57130
57012
56949
57035
57189
94000
56950
57190
56986
57160
57220
57193
57195
57202
57127
57191
56954
57164
57124
57223
57128
57034
59561
57199
57152
57235
57010
56944
56958
57011
56960
57021
95825
56996
57276
57170
57014
57234
57153
62162
56980
57198
57248
57225
57006
57036
71102
57716
58482
58490
50603
50610
64255
64051
64053
56943
57003
57257
57222
57192
60337
50619
57715
57172
57227
57113
59340
56972
57033
94402
57224
57252
59503
59496
59495
56984
57275
57714
59339
57168
56991
57187
57008
58481
56952
59338
58489
57122
57226
50602
57236
57221
57026
50609
50618
57713
57156
57213
57133
57219
59502
57712
59494
59493
96284
64266
57272
57251
57185
57216
58480
57210
57025
58488
56957
57002
50601
50608
64259
64260
64262
64261
64258
94406
71101
50617
57711
57154
57274
57132
57244
57024
57183
59490
59489
59491
57001
56979
58478
57710
56959
58487
57242
57270
50600
57131
57201
50607
57023
50616
60336
59387
57000
56956
57709
57165
57277
57241
57129
92579
57020
57200
59487
59486
59484
56994
56981
58476
57708
57161
56953
58486
57249
57271
50599
57125
57197
50606
56974
50614
57032
94405
94404
56948
57007
57707
57269
57245
57167
57031
57123
57188
56973
57005
56951
59478
59480
59475
57262
57240
57157
57706
57121
94403
57186
57030
94401
56971
56945
56997
57238
57265
57163
57029
57120
57184
56995
48121
67600
57704
57119
57266
57158
57246
57196
57027
56961
56978
57009
48247
58565
57259
57239
57162
56963
57703
58473
57114
57022
56976
57004
57194
56955
58485
56990
68166
64312
58341
58322
57253
56965
57209
57228
57215
58347
57217
57229
57230
58297
58327
95710
58329
58287
58338
59315
58302
58316
58319
58330
58321
58339
95215
58333
58324
58340
58328
58307
58331
61288
58286
58311
58345
59326
58325
58320
107907
58332
58315
58288
58336
92026
58303
58342
58343
58314
58323
58306
58337
58317
58318
58312
58313
58301
58344
58296
58326
58299
58298
58308
58310
58289
58346
50598
50605
50612
53462
52739
48248
52843
48114
48116
45382
58472
58484
52738
