101784
101773
101775
101749
101799
101797
101768
101762
101761
101793
101769
101795
101754
101787
101772
101776
101798
101757
101803
101783
101791
101747
101764
101755
101774
101745
101778
101743
101788
101804
101758
101744
101765
101763
101796
101759
101789
101802
101752
101771
101756
101766
101782
101786
73623
101735
101746
101753
101790
101777
101800
101742
101794
101741
101781
101767
101760
101740
101801
101779
101792
101751
101785
101750
101770
101780
101748
73498
73521
73520
73506
73503
73504
73505
98921
73502
99543
99544
99542
99540
99541
99539
73478
73396
73399
73397
73398
73409
73407
73400
73408
73404
73406
73401
73402
73403
73405
96255
73468
73466
96257
73465
73472
73469
73470
73474
73467
73464
73476
73475
73473
96256
73471
73621
73360
73371
73373
73335
73338
73365
73352
73368
73336
73356
73367
73372
73337
73380
73349
73357
73354
73364
73377
73374
73381
95755
73347
73376
73378
73361
73366
73339
73382
73355
73348
73369
73375
73362
95756
73358
73344
73384
73351
73370
73346
73340
73350
73341
73379
73343
73345
73353
73359
96226
95754
73383
73497
73627
73620
73626
73495
73625
73233
73259
66576
66447
66446
66579
66568
66560
66584
66448
66442
66572
66583
66453
66434
66573
66561
66567
66431
66439
66585
66435
66562
66505
68253
66429
66569
66450
66556
66506
66441
66574
66338
66586
66582
66501
66443
66557
66502
66497
66554
66498
66581
66428
66499
66452
66432
66445
66570
66571
53946
53981
56500
56499
56501
66587
73496
73622
56497
56496
56498
73250
73268
73270
73222
73225
73262
73242
73265
73223
73246
73264
73269
73224
73277
73239
73247
73244
73260
73274
73494
73271
73278
73273
73275
73258
73263
73226
73279
73245
73234
73266
73272
73248
73230
73281
73241
73267
73232
73227
73240
73228
73276
73229
73231
73243
73249
73280
62242
55401
55405
55397
55389
55390
56197
55392
64725
55393
55398
55387
55388
55396
55404
55402
55399
55400
55407
58147
58150
58148
64727
58507
58492
64728
55384
64726
55394
55395
55386
58954
55403
58149
56203
59759
56199
56202
56201
53994
53830
53977
53988
53972
53991
53945
56531
54011
53976
54019
53949
54001
53980
53974
53975
53996
54009
54003
53968
53960
53997
53984
53951
53966
53961
54012
53987
53998
54023
53978
53958
54014
53963
53957
53952
53962
53954
53993
54000
53955
53948
53965
54005
53985
53986
58146
58145
56196
56195
39705
39711
39738
39706
46777
46775
46776
46779
46778
39714
47053
39736
39733
39742
39724
39734
39741
47056
39740
47055
39739
39721
39728
39720
39715
39727
39716
47054
39718
39713
38503
38504
39731
39737
56049
56053
56052
56056
56079
56081
56083
56084
56085
56086
56087
56088
56055
58143
58144
56208
31078
31077
31080
31079
31081
31083
31082
46601
46597
46126
31076
41418
31072
46124
46127
46122
46125
46123
31061
32867
32869
44794
32871
32874
32870
32872
32866
39961
32873
32868
39963
31057
56530
53891
53843
56206
31070
31071
31056
31062
31065
31063
31066
31064
37855
42592
42589
42558
42593
42590
42588
42591
31060
31068
31067
31054
31055
56193
58142
58141
56194
53892
53831
53852
53874
53877
53869
53880
53832
53925
53873
53876
53844
53920
53861
53871
53872
53870
53923
53879
53922
53865
53857
53917
53882
54017
53921
53856
53932
53885
53918
53893
53875
53854
53933
53860
53845
53934
53859
53941
53919
53943
53894
53924
53883
53884
56205
31053
31084
47280
31088
39471
31085
31091
46405
31109
31106
31113
31101
31107
31112
41429
46403
31111
31108
46803
31098
31103
31097
31092
31102
31149
43493
31095
31090
31104
39470
31058
40514
31052
31051
41415
26920
41414
39467
28915
28948
28936
39466
38068
41420
28933
28944
31050
26918
28914
28918
28955
28947
31049
26916
31048
26915
28905
34590
28917
28927
28912
28953
26912
26914
62941
28903
28910
28916
28950
28925
34961
26911
26909
26910
34960
26907
26908
26906
26903
36526
26900
26902
26896
26897
26887
26885
26882
26883
36525
26881
26878
26880
32809
26876
26875
26874
26873
26872
63743
34959
25622
25621
34955
32808
25620
25619
25618
25617
25320
25615
25613
25612
25323
25321
25610
25339
25498
32807
36524
25318
25305
38175
25317
36523
25287
37818
25284
25280
25490
26927
25278
32801
25283
26928
25493
26925
32259
32178
32179
25255
26926
32810
25614
