78488
78486
78485
78481
78482
78483
78484
78480
78479
78478
78487
78490
78477
101599
78475
78476
78489
101935
101940
101937
101941
101934
101933
101936
101939
99446
99443
99455
99458
99456
99445
99447
99457
78461
78463
78460
78462
78473
78474
78468
78469
78471
78470
78467
78464
78458
78459
78454
78455
78457
78456
78453
78452
100583
78450
78451
78446
78447
78448
78449
78445
78444
100586
99536
99535
85008
85010
85007
85009
78438
78439
78423
78424
78433
78432
78437
78436
78428
78427
78420
78411
78419
78406
78396
78405
78407
78399
85068
85067
101600
78380
78388
78416
78415
70556
70555
70560
70559
70557
70554
70558
70561
67081
67137
67087
67139
67083
67143
67082
67138
67080
67136
67086
67142
67084
67140
67085
67141
78398
78410
63200
63194
63196
63195
63201
63198
63199
63197
69386
69388
60640
60761
60760
60755
60754
60637
60756
60757
60759
60758
62176
62177
74493
78379
60999
60996
84950
62448
50965
50967
60705
60711
60712
60706
60660
60655
60723
60727
60721
60725
60649
60750
60749
60751
60752
60734
60737
60732
60735
60669
61000
61002
60998
60997
60652
60704
60703
60697
60702
60666
60658
60720
60718
60715
60716
60671
60665
60743
60747
60746
60748
60731
60730
60728
60729
60651
50971
60643
50970
50964
60583
57701
57683
57692
57694
57699
57696
57691
57690
51568
60620
60605
60630
50966
60584
51570
51569
60604
60601
60613
60611
60629
60627
55199
50963
50936
51572
51571
60599
60600
60608
60607
60622
60624
50949
50946
50954
50953
50940
50960
50958
60631
50943
50947
50945
50950
50952
50942
50938
50961
50956
36351
36349
36352
41161
36355
39997
36358
36357
41156
52733
35576
35577
35575
40001
36359
41163
41164
36353
35582
35584
35580
35590
35591
35589
40006
40005
40003
40004
41157
41162
41158
41160
40002
35587
35588
35585
50948
50944
50955
50951
50941
50939
50959
50957
35538
351770
46138
46137
46133
46134
46136
46132
46139
46135
35559
35558
35567
35562
35561
35564
35573
35572
42731
35574
35560
35563
35568
35557
35554
35543
351771
42546
32499
32500
32495
44359
32497
32496
50962
45117
35537
35536
35535
35534
35533
35532
35527
35526
35525
32493
32494
32498
35531
35528
35529
32503
32461
32487
32488
32489
32485
44770
44970
64661
35539
351769
35544
351768
32490
32501
32502
35524
35521
35522
35523
35520
35540
351766
32465
32469
35555
35549
36079
36078
36077
32473
32481
32468
32458
35530
32457
32455
32464
32472
32480
32471
32463
32467
32479
20855
19107
19094
24124
24125
24654
28474
28473
28472
22926
23708
22727
23709
19097
24703
19104
22921
23706
19100
22927
28224
28222
28223
23707
19095
23710
20854
22922
19093
28221
28220
28219
24123
24122
24121
19054
19102
19091
19103
24849
24851
24850
22928
24846
24848
24847
26279
22923
23704
19101
19098
19092
32456
32462
45100
32466
32470
32478
32482
32454
19089
20853
19087
19088
19090
19085
19081
23705
19084
19086
23703
19082
19083
19077
19074
19075
19078
19079
19076
19080
44953
22815
19073
24655
19070
19072
19071
19063
19066
19064
19065
19067
19068
19060
19062
19061
19055
19059
19053
19051
19052
36074
36076
19050
19049
36075
10650
19048
10647
10632
10570
10574
10572
19058
19047
22331
10568
10566
10562
10560
10564
10558
10554
10556
10630
10548
10552
10619
10542
10546
10544
10621
10531
10533
10525
10529
10520
10516
10518
10511
10507
10499
10509
3779
10490
9207
9208
10487
22711
20650
10482
9206
3777
6661
21943
9202
7156
6705
9201
3778
7153
9198
3776
7151
9196
9197
3773
7149
3775
6704
9195
4097
4096
3774
7147
23399
3772
3771
3780
3760
3818
20649
23190
9149
3764
3769
9148
9147
9146
3770
3768
3766
9145
3765
3767
9074
9072
2166
7135
7955
2168
7954
7133
9070
24940
2167
2169
3762
3817
2165
20648
9068
6703
7953
2158
6702
8322
3761
2159
3763
3759
2164
9065
2162
2163
2161
3756
2160
5244
9064
3816
3753
2153
2149
9059
9058
7126
2152
2881
10550
19106
