75298
101923
75300
94743
75299
101922
75306
75307
75305
75304
75302
75303
75301
75308
101921
75309
75310
101920
99460
99449
99459
99448
75297
75296
75141
75295
75294
100585
75145
75293
75269
75292
75142
75291
75289
75146
75144
75288
75270
75290
75175
75172
75178
75268
99537
75266
75267
75264
75265
75262
75263
75260
75261
75154
75155
75258
75259
75257
75256
75253
75255
75254
75252
75251
70551
70550
70552
70553
75250
67079
67145
67066
67146
67065
67147
67064
67144
63205
63203
63206
63204
75248
75249
56005
56026
56024
56028
56006
56027
56025
56029
56004
63924
56009
56011
74964
75247
75597
60993
60971
56021
56018
56017
56023
56020
59585
59589
59586
59588
59587
59584
60994
60990
56022
56019
55941
55769
55642
55777
56016
59582
59583
55925
55943
56002
56001
56003
56007
55924
55923
55922
55921
64730
56034
56039
55920
64729
56010
55994
55998
55996
56000
55993
55997
55999
56008
55995
55900
56048
55919
55901
56015
55914
55911
56014
55910
55913
55907
56030
55906
31456
31453
36315
36316
36317
36318
41205
26759
26758
31433
41206
50194
40060
26763
26762
31432
40021
40024
40023
40020
26755
26754
31455
31452
41208
41207
31454
31451
26781
55908
26784
37884
46129
46131
46128
46130
31444
26757
31443
31450
26761
31448
26780
26753
31442
31449
55904
55903
26783
37883
55898
26777
26778
26756
26760
26779
26752
55899
55902
56031
26782
31437
31435
37873
31440
31438
37882
26776
31434
31441
26751
36686
31373
26774
26750
31459
26775
26773
26749
31430
26772
31431
26771
26747
26770
26746
26765
26764
60969
22759
23665
22866
27660
24093
24092
24091
18455
22870
26087
22867
18451
18453
20849
23667
20848
23666
28210
28208
28205
28207
28209
18454
22868
23663
18445
18452
22869
22902
18448
18447
18457
18458
18449
24902
24903
24901
27725
28481
28482
28480
18456
18446
18450
26745
31460
18444
23664
18439
18442
18441
18440
23662
19435
26086
18437
18436
18438
22813
18434
18424
18423
18420
27724
18418
18422
27659
18419
18416
18417
18421
18415
18414
18412
18413
18411
18410
18409
18408
18405
18406
18407
26085
18404
18403
18402
18560
12092
26403
26407
50644
12093
49677
12091
18401
44950
44958
12088
12086
50647
12089
12081
12084
12082
12085
12079
12078
12076
12080
12077
12073
12072
12074
12075
12069
12067
12070
27658
12065
12066
12071
12064
12053
12060
12056
12055
12061
12059
12050
8804
12052
12049
12048
8802
3862
3864
3873
8797
8799
8795
8793
8770
21945
6695
3861
8791
3872
8789
8774
3863
8766
8786
3860
8772
6693
8489
3865
8764
3858
3871
3857
8784
8762
8483
3870
3859
102171
6692
3813
8782
3854
8780
8760
8758
3856
6690
3869
3852
3868
3851
3855
63742
3839
12047
3849
7892
7893
7643
6688
3848
3850
3866
8467
2403
7639
3844
2406
3758
3847
2401
6521
2399
3843
3845
3757
12046
2402
2964
2395
7633
2396
3842
6686
2386
3841
2397
7630
7629
3755
2394
2389
2392
8465
3840
3914
7623
7624
12045
8776
2385
3915
2387
12044
2393
2963
8778
7636
31461
36670
36672
36669
36667
36668
36665
12090
12063
12083
12062
12087
12068
